"Year","Measure","value.Q","value.HEC","diff","mean","pdiff"
0.01,"Q001-avg-q",2.417,2.438,-0.0210000000000004,2.4275,0.00865087538619994
0.01,"Q003-avg-q",2.492,2.544,-0.052,2.518,0.0206513105639397
0.01,"Q007-avg-q",2.552,2.612,-0.0600000000000001,2.582,0.0232378001549187
0.01,"Q015-avg-q",2.647,2.738,-0.0910000000000002,2.6925,0.0337975858867225
0.01,"Q030-avg-q",2.773,2.881,-0.108,2.827,0.0382030420940926
0.01,"Q060-avg-q",3.238,3.263,-0.0249999999999999,3.2505,0.00769112444239345
0.01,"Q090-avg-q",3.737,3.897,-0.16,3.817,0.041917736442232
0.05,"Q001-avg-q",2.95,2.976,-0.0259999999999998,2.963,0.00877489031387101
0.05,"Q003-avg-q",3.066,3.108,-0.0420000000000003,3.087,0.0136054421768708
0.05,"Q007-avg-q",3.163,3.228,-0.0650000000000004,3.1955,0.0203411046784542
0.05,"Q015-avg-q",3.291,3.378,-0.0870000000000002,3.3345,0.0260908681961314
0.05,"Q030-avg-q",3.404,3.513,-0.109,3.4585,0.0315165534191123
0.05,"Q060-avg-q",3.769,3.783,-0.0139999999999998,3.776,0.00370762711864401
0.05,"Q090-avg-q",4.11,4.269,-0.159,4.1895,0.0379520229144289
0.1,"Q001-avg-q",3.25,3.29,-0.04,3.27,0.0122324159021407
0.1,"Q003-avg-q",3.384,3.433,-0.0489999999999999,3.4085,0.0143758251430248
0.1,"Q007-avg-q",3.5,3.579,-0.0790000000000002,3.5395,0.0223195366577201
0.1,"Q015-avg-q",3.646,3.74,-0.0940000000000003,3.693,0.0254535607906852
0.1,"Q030-avg-q",3.76,3.878,-0.118,3.819,0.0308981408745746
0.1,"Q060-avg-q",4.081,4.116,-0.0349999999999993,4.0985,0.00853970964987172
0.1,"Q090-avg-q",4.368,4.545,-0.177,4.4565,0.039717266913497
0.2,"Q001-avg-q",3.623,3.693,-0.0699999999999998,3.658,0.0191361399671951
0.2,"Q003-avg-q",3.773,3.847,-0.0739999999999998,3.81,0.0194225721784776
0.2,"Q007-avg-q",3.91,4.02,-0.109999999999999,3.965,0.0277427490542243
0.2,"Q015-avg-q",4.074,4.192,-0.118,4.133,0.0285506895717397
0.2,"Q030-avg-q",4.201,4.344,-0.143000000000001,4.2725,0.0334698654183735
0.2,"Q060-avg-q",4.487,4.583,-0.0960000000000001,4.535,0.0211686879823594
0.2,"Q090-avg-q",4.749,4.977,-0.228000000000001,4.863,0.0468846391116596
0.5,"Q001-avg-q",4.349,4.53,-0.181,4.4395,0.0407703570221872
0.5,"Q003-avg-q",4.507,4.689,-0.182,4.598,0.0395824271422358
0.5,"Q007-avg-q",4.671,4.893,-0.222,4.782,0.0464240903387703
0.5,"Q015-avg-q",4.861,5.074,-0.213,4.9675,0.0428787116255662
0.5,"Q030-avg-q",5.057,5.298,-0.241,5.1775,0.0465475615644615
0.5,"Q060-avg-q",5.355,5.721,-0.366,5.538,0.066088840736728
0.5,"Q090-avg-q",5.762,6.226,-0.464,5.994,0.0774107440774108
0.8,"Q001-avg-q",5.061,5.437,-0.376,5.249,0.0716326919413222
0.8,"Q003-avg-q",5.185,5.576,-0.391,5.3805,0.0726698262243286
0.8,"Q007-avg-q",5.352,5.766,-0.414,5.559,0.0744738262277388
0.8,"Q015-avg-q",5.549,5.938,-0.388999999999999,5.7435,0.0677287368329415
0.8,"Q030-avg-q",5.887,6.31,-0.423,6.0985,0.069361318356973
0.8,"Q060-avg-q",6.355,7.303,-0.948,6.829,0.138819739346903
0.8,"Q090-avg-q",7.328,8.382,-1.054,7.855,0.134182049649904
0.9,"Q001-avg-q",5.415,5.932,-0.517,5.6735,0.0911254075967216
0.9,"Q003-avg-q",5.502,6.047,-0.545,5.7745,0.0943804658411984
0.9,"Q007-avg-q",5.661,6.207,-0.546,5.934,0.0920121334681497
0.9,"Q015-avg-q",5.854,6.367,-0.513,6.1105,0.0839538499304476
0.9,"Q030-avg-q",6.296,6.852,-0.556,6.574,0.0845756008518406
0.9,"Q060-avg-q",6.935,8.373,-1.438,7.654,0.187875620590541
0.9,"Q090-avg-q",8.477,10.107,-1.63,9.292,0.175419715884632
0.95,"Q001-avg-q",5.693,6.348,-0.655,6.0205,0.1087949505855
0.95,"Q003-avg-q",5.74,6.435,-0.694999999999999,6.0875,0.114168377823409
0.95,"Q007-avg-q",5.888,6.559,-0.671,6.2235,0.1078171446935
0.95,"Q015-avg-q",6.073,6.704,-0.630999999999999,6.3885,0.0987712295531031
0.95,"Q030-avg-q",6.614,7.302,-0.688,6.958,0.0988789882150043
0.95,"Q060-avg-q",7.445,9.419,-1.974,8.432,0.234108159392789
0.95,"Q090-avg-q",9.665,12.002,-2.337,10.8335,0.215719758157567
0.99,"Q001-avg-q",6.172,7.14,-0.968,6.656,0.145432692307692
0.99,"Q003-avg-q",6.126,7.154,-1.028,6.64,0.154819277108434
0.99,"Q007-avg-q",6.24,7.174,-0.934,6.707,0.139257492172357
0.99,"Q015-avg-q",6.406,7.282,-0.876,6.844,0.127995324371713
0.99,"Q030-avg-q",7.157,8.141,-0.984,7.649,0.128644267224474
0.99,"Q060-avg-q",8.482,11.888,-3.406,10.185,0.334413352970054
0.99,"Q090-avg-q",12.699,17.304,-4.605,15.0015,0.306969303069693
1965,"Q001-avg",4.11,3.54,0.57,3.825,0.149019607843137
1965,"Q001-pp",0.346938775510204,0.1633,0.183638775510204,0.255119387755102,0.719815052576425
1965,"Q003-avg",4.587,3.747,0.84,4.167,0.201583873290137
1965,"Q003-pp",0.530612244897959,0.1837,0.346912244897959,0.357156122448979,0.971318208180839
1965,"Q007-avg",4.657,4.224,0.433,4.4405,0.0975115414930751
1965,"Q007-pp",0.489795918367347,0.2449,0.244895918367347,0.367347959183673,0.666659259279835
1965,"Q015-avg",5.029,4.633,0.396,4.831,0.0819706064996895
1965,"Q015-pp",0.571428571428571,0.2857,0.285728571428571,0.428564285714286,0.666711111851863
1965,"Q030-avg",5.07,5.07,0,5.07,0
1965,"Q030-pp",0.469387755102041,0.3878,0.081587755102041,0.428593877551021,0.190361457257001
1965,"Q060-avg",5.539,5.539,0,5.539,0
1965,"Q060-pp",0.571428571428571,0.4898,0.081628571428571,0.530614285714285,0.153837869854346
1965,"Q090-avg",6.082,5.981,0.101,6.0315,0.0167454198789687
1965,"Q090-pp",0.63265306122449,0.449,0.18365306122449,0.540826530612245,0.339578498518896
1966,"Q001-avg",3.54,5.8,-2.26,4.67,0.483940042826552
1966,"Q001-pp",0.183673469387755,0.8776,-0.693926530612245,0.530636734693878,1.30772425888036
1966,"Q003-avg",3.747,5.937,-2.19,4.842,0.452292441140025
1966,"Q003-pp",0.163265306122449,0.8776,-0.714334693877551,0.520432653061225,1.37257854532336
1966,"Q007-avg",4.224,6.306,-2.082,5.265,0.395441595441595
1966,"Q007-pp",0.26530612244898,0.9184,-0.65309387755102,0.59185306122449,1.10347300764117
1966,"Q015-avg",4.633,6.419,-1.786,5.526,0.323199420919291
1966,"Q015-pp",0.346938775510204,0.9184,-0.571461224489796,0.632669387755102,0.903254109571366
1966,"Q030-avg",5.718,6.446,-0.728,6.082,0.119697467938178
1966,"Q030-pp",0.877551020408163,0.8776,-4.89795918370284e-05,0.877575510204082,5.58123959334714e-05
1966,"Q060-avg",6.397,6.951,-0.553999999999999,6.674,0.0830086904405153
1966,"Q060-pp",0.836734693877551,0.7347,0.102034693877551,0.785717346938775,0.129861831707149
1966,"Q090-avg",5.981,7.506,-1.525,6.7435,0.226143693927486
1966,"Q090-pp",0.571428571428571,0.7143,-0.142871428571429,0.642864285714285,0.222241975089167
1967,"Q001-avg",4.11,4.11,0,4.11,0
1967,"Q001-pp",0.36734693877551,0.3061,0.06124693877551,0.336723469387755,0.181890911515232
1967,"Q003-avg",4.11,4.11,0,4.11,0
1967,"Q003-pp",0.285714285714286,0.2653,0.0204142857142859,0.275507142857143,0.0740971195976259
1967,"Q007-avg",4.32,4.32,0,4.32,0
1967,"Q007-pp",0.326530612244898,0.2857,0.040830612244898,0.306115306122449,0.13338311227262
1967,"Q015-avg",4.415,4.415,0,4.415,0
1967,"Q015-pp",0.306122448979592,0.2653,0.040822448979592,0.285711224489796,0.142880102286811
1967,"Q030-avg",4.652,4.652,0,4.652,0
1967,"Q030-pp",0.244897959183673,0.2041,0.040797959183673,0.224498979591837,0.181728929271073
1967,"Q060-avg",5.091,5.057,0.0339999999999998,5.074,0.00670082774931017
1967,"Q060-pp",0.36734693877551,0.2449,0.12244693877551,0.306123469387755,0.399992000026666
1967,"Q090-avg",5.567,5.547,0.0200000000000005,5.557,0.00359906424329683
1967,"Q090-pp",0.448979591836735,0.3469,0.102079591836735,0.397939795918367,0.256520189445128
1968,"Q001-avg",4.7,5.1,-0.399999999999999,4.9,0.0816326530612244
1968,"Q001-pp",0.693877551020408,0.7143,-0.020422448979592,0.704088775510204,0.029005502842725
1968,"Q003-avg",4.603,5.223,-0.62,4.913,0.12619580704254
1968,"Q003-pp",0.551020408163265,0.7143,-0.163279591836735,0.632660204081632,0.258084182920516
1968,"Q007-avg",4.506,5.259,-0.753,4.8825,0.154224270353303
1968,"Q007-pp",0.387755102040816,0.6735,-0.285744897959184,0.530627551020408,0.538503697008741
1968,"Q015-avg",4.507,5.563,-1.056,5.035,0.209731876861966
1968,"Q015-pp",0.326530612244898,0.7143,-0.387769387755102,0.520415306122449,0.745115263123839
1968,"Q030-avg",4.693,6.569,-1.876,5.631,0.333155744983129
1968,"Q030-pp",0.26530612244898,0.898,-0.63269387755102,0.58165306122449,1.08775130697168
1968,"Q060-avg",5.057,9.519,-4.462,7.288,0.612239297475302
1968,"Q060-pp",0.326530612244898,0.9184,-0.591869387755102,0.622465306122449,0.950847190893354
1968,"Q090-avg",5.547,10.513,-4.966,8.03,0.618430884184309
1968,"Q090-pp",0.428571428571429,0.9184,-0.489828571428571,0.673485714285714,0.727303580519259
1969,"Q001-avg",4.98,4.98,0,4.98,0
1969,"Q001-pp",0.795918367346939,0.6735,0.122418367346939,0.734709183673469,0.166621528718152
1969,"Q003-avg",4.98,4.98,0,4.98,0
1969,"Q003-pp",0.755102040816326,0.6327,0.122402040816326,0.693901020408163,0.176396974808204
1969,"Q007-avg",5.071,5.071,0,5.071,0
1969,"Q007-pp",0.73469387755102,0.5918,0.14289387755102,0.66324693877551,0.215445966195986
1969,"Q015-avg",5.262,5.262,0,5.262,0
1969,"Q015-pp",0.755102040816326,0.6327,0.122402040816326,0.693901020408163,0.176396974808204
1969,"Q030-avg",5.358,5.358,0,5.358,0
1969,"Q030-pp",0.673469387755102,0.5714,0.102069387755102,0.622434693877551,0.163984091438164
1969,"Q060-avg",5.882,5.882,0,5.882,0
1969,"Q060-pp",0.755102040816326,0.6531,0.102002040816326,0.704101020408163,0.144868474636205
1969,"Q090-avg",6.722,6.722,0,6.722,0
1969,"Q090-pp",0.73469387755102,0.6122,0.12249387755102,0.67344693877551,0.181890911515232
1970,"Q001-avg",4.25,4.25,0,4.25,0
1970,"Q001-pp",0.469387755102041,0.4082,0.061187755102041,0.438793877551021,0.139445325544512
1970,"Q003-avg",4.343,4.343,0,4.343,0
1970,"Q003-pp",0.387755102040816,0.3265,0.061255102040816,0.357127551020408,0.171521636641569
1970,"Q007-avg",4.643,4.643,0,4.643,0
1970,"Q007-pp",0.469387755102041,0.3878,0.081587755102041,0.428593877551021,0.190361457257001
1970,"Q015-avg",4.863,4.863,0,4.863,0
1970,"Q015-pp",0.448979591836735,0.3673,0.0816795918367351,0.408139795918367,0.200126507274169
1970,"Q030-avg",5.036,5.036,0,5.036,0
1970,"Q030-pp",0.448979591836735,0.3673,0.0816795918367351,0.408139795918367,0.200126507274169
1970,"Q060-avg",5.095,5.095,0,5.095,0
1970,"Q060-pp",0.387755102040816,0.2857,0.102055102040816,0.336727551020408,0.303079156224525
1970,"Q090-avg",5.285,5.285,0,5.285,0
1970,"Q090-pp",0.285714285714286,0.2245,0.061214285714286,0.255107142857143,0.239955200895983
1971,"Q001-avg",6,6,0,6,0
1971,"Q001-pp",0.979591836734694,0.9184,0.061191836734694,0.948995918367347,0.064480611086261
1971,"Q003-avg",6.293,6.293,0,6.293,0
1971,"Q003-pp",0.979591836734694,0.9388,0.040791836734694,0.959195918367347,0.0425271166751064
1971,"Q007-avg",6.719,6.719,0,6.719,0
1971,"Q007-pp",0.979591836734694,0.9388,0.040791836734694,0.959195918367347,0.0425271166751064
1971,"Q015-avg",6.853,6.853,0,6.853,0
1971,"Q015-pp",0.979591836734694,0.9388,0.040791836734694,0.959195918367347,0.0425271166751064
1971,"Q030-avg",7.35,7.92,-0.57,7.635,0.0746561886051081
1971,"Q030-pp",0.959183673469388,0.9388,0.0203836734693881,0.948991836734694,0.0214792927403091
1971,"Q060-avg",6.207,10.233,-4.026,8.22,0.48978102189781
1971,"Q060-pp",0.816326530612245,0.9388,-0.122473469387755,0.877563265306122,0.13956084333707
1971,"Q090-avg",5.871,11.371,-5.5,8.621,0.637977032826818
1971,"Q090-pp",0.530612244897959,0.9388,-0.408187755102041,0.734706122448979,0.555579629228402
1972,"Q001-avg",5.95,5.83,0.12,5.89,0.0203735144312394
1972,"Q001-pp",0.959183673469388,0.898,0.061183673469388,0.928591836734694,0.0658886617876533
1972,"Q003-avg",6.023,6,0.0229999999999997,6.0115,0.00382600016634778
1972,"Q003-pp",0.959183673469388,0.898,0.061183673469388,0.928591836734694,0.0658886617876533
1972,"Q007-avg",6.141,6.141,0,6.141,0
1972,"Q007-pp",0.959183673469388,0.8776,0.081583673469388,0.918391836734694,0.0888331866705779
1972,"Q015-avg",6.308,6.308,0,6.308,0
1972,"Q015-pp",0.959183673469388,0.8776,0.081583673469388,0.918391836734694,0.0888331866705779
1972,"Q030-avg",6.385,6.385,0,6.385,0
1972,"Q030-pp",0.938775510204082,0.8163,0.122475510204082,0.877537755102041,0.139567226016208
1972,"Q060-avg",7.078,7.077,0.00100000000000033,7.0775,0.000141292829388956
1972,"Q060-pp",0.938775510204082,0.7755,0.163275510204082,0.857137755102041,0.190489229102555
1972,"Q090-avg",11.313,8.603,2.71,9.958,0.272143000602531
1972,"Q090-pp",0.938775510204082,0.7959,0.142875510204082,0.867337755102041,0.164728803010856
1973,"Q001-avg",4.13,3.11,1.02,3.62,0.281767955801105
1973,"Q001-pp",0.408163265306122,0.0816,0.326563265306122,0.244881632653061,1.33355557037136
1973,"Q003-avg",4.47,4.47,0,4.47,0
1973,"Q003-pp",0.469387755102041,0.4286,0.040787755102041,0.44899387755102,0.0908425641002336
1973,"Q007-avg",4.583,4.57,0.0129999999999999,4.5765,0.00284059871080518
1973,"Q007-pp",0.448979591836735,0.3673,0.0816795918367351,0.408139795918367,0.200126507274169
1973,"Q015-avg",4.699,4.699,0,4.699,0
1973,"Q015-pp",0.408163265306122,0.3469,0.061263265306122,0.377531632653061,0.16227319781286
1973,"Q030-avg",4.937,4.836,0.101,4.8865,0.0206691906272383
1973,"Q030-pp",0.387755102040816,0.3061,0.081655102040816,0.346927551020408,0.235366438325945
1973,"Q060-avg",5.382,5.089,0.292999999999999,5.2355,0.0559640912997802
1973,"Q060-pp",0.510204081632653,0.2653,0.244904081632653,0.387752040816327,0.631599723155709
1973,"Q090-avg",6.156,5.539,0.617,5.8475,0.105515177426251
1973,"Q090-pp",0.653061224489796,0.3061,0.346961224489796,0.479580612244898,0.723467996059482
1974,"Q001-avg",3.11,3.28,-0.17,3.195,0.05320813771518
1974,"Q001-pp",0.102040816326531,0.102,4.08163265310096e-05,0.102020408163265,0.000400080016007095
1974,"Q003-avg",4.473,3.443,1.03,3.958,0.260232440626579
1974,"Q003-pp",0.489795918367347,0.0816,0.408195918367347,0.285697959183673,1.42876735813475
1974,"Q007-avg",4.57,3.713,0.857,4.1415,0.206929856332247
1974,"Q007-pp",0.428571428571429,0.102,0.326571428571429,0.265285714285715,1.23101777059774
1974,"Q015-avg",4.7,4.23,0.47,4.465,0.105263157894737
1974,"Q015-pp",0.428571428571429,0.1837,0.244871428571429,0.306135714285715,0.799878671924217
1974,"Q030-avg",4.836,5.64,-0.803999999999999,5.238,0.153493699885452
1974,"Q030-pp",0.346938775510204,0.7143,-0.367361224489796,0.530619387755102,0.692325295621021
1974,"Q060-avg",5.089,6.495,-1.406,5.792,0.24274861878453
1974,"Q060-pp",0.346938775510204,0.6939,-0.346961224489796,0.520419387755102,0.666695424216341
1974,"Q090-avg",5.539,6.758,-1.219,6.1485,0.198259738147516
1974,"Q090-pp",0.408163265306122,0.6327,-0.224536734693878,0.520431632653061,0.431443287851725
1975,"Q001-avg",3.28,6.43,-3.15,4.855,0.648815653964985
1975,"Q001-pp",0.122448979591837,0.9592,-0.836751020408163,0.540824489795919,1.54717664639024
1975,"Q003-avg",3.443,6.713,-3.27,5.078,0.643954312721544
1975,"Q003-pp",0.102040816326531,0.9592,-0.857159183673469,0.530620408163266,1.61539053245335
1975,"Q007-avg",3.713,6.923,-3.21,5.318,0.603610379842046
1975,"Q007-pp",0.122448979591837,0.9592,-0.836751020408163,0.540824489795919,1.54717664639024
1975,"Q015-avg",4.23,7.053,-2.823,5.6415,0.500398830098378
1975,"Q015-pp",0.244897959183673,0.9592,-0.714302040816327,0.602048979591837,1.18645170912937
1975,"Q030-avg",5.64,7.113,-1.473,6.3765,0.23100446953658
1975,"Q030-pp",0.836734693877551,0.9184,-0.081665306122449,0.877567346938775,0.0930587337909993
1975,"Q060-avg",6.495,9.12,-2.625,7.8075,0.336215177713737
1975,"Q060-pp",0.857142857142857,0.898,-0.040857142857143,0.877571428571428,0.0465570568126325
1975,"Q090-avg",6.758,11.893,-5.135,9.3255,0.550640716315479
1975,"Q090-pp",0.775510204081633,0.9592,-0.183689795918367,0.867355102040817,0.211781536173777
1976,"Q001-avg",4.62,4.62,0,4.62,0
1976,"Q001-pp",0.591836734693878,0.4898,0.102036734693878,0.540818367346939,0.188670986147223
1976,"Q003-avg",4.977,4.977,0,4.977,0
1976,"Q003-pp",0.73469387755102,0.6122,0.12249387755102,0.67344693877551,0.181890911515232
1976,"Q007-avg",5.406,5.406,0,5.406,0
1976,"Q007-pp",0.857142857142857,0.7551,0.102042857142857,0.806121428571429,0.126584970360722
1976,"Q015-avg",6.196,6.196,0,6.196,0
1976,"Q015-pp",0.938775510204082,0.8571,0.081675510204082,0.897937755102041,0.0909589887940512
1976,"Q030-avg",8.398,8.398,0,8.398,0
1976,"Q030-pp",0.979591836734694,0.9796,-8.16326530594935e-06,0.979595918367347,8.33329861107908e-06
1976,"Q060-avg",10.309,10.309,0,10.309,0
1976,"Q060-pp",0.979591836734694,0.9592,0.0203918367346939,0.969395918367347,0.0210356123316857
1976,"Q090-avg",12.104,10.273,1.831,11.1885,0.163650176520534
1976,"Q090-pp",0.959183673469388,0.898,0.061183673469388,0.928591836734694,0.0658886617876533
1977,"Q001-avg",4.16,4.16,0,4.16,0
1977,"Q001-pp",0.428571428571429,0.3673,0.061271428571429,0.397935714285715,0.153973183033872
1977,"Q003-avg",4.643,4.643,0,4.643,0
1977,"Q003-pp",0.571428571428571,0.449,0.122428571428571,0.510214285714286,0.239955200895981
1977,"Q007-avg",4.976,4.976,0,4.976,0
1977,"Q007-pp",0.653061224489796,0.5306,0.122461224489796,0.591830612244898,0.206919381924641
1977,"Q015-avg",5.219,5.219,0,5.219,0
1977,"Q015-pp",0.714285714285714,0.5918,0.122485714285714,0.653042857142857,0.187561525167895
1977,"Q030-avg",5.511,5.511,0,5.511,0
1977,"Q030-pp",0.73469387755102,0.6122,0.12249387755102,0.67344693877551,0.181890911515232
1977,"Q060-avg",5.82,5.82,0,5.82,0
1977,"Q060-pp",0.714285714285714,0.6122,0.102085714285714,0.663242857142857,0.153919055721886
1977,"Q090-avg",6.064,6.064,0,6.064,0
1977,"Q090-pp",0.612244897959184,0.4694,0.142844897959184,0.540822448979592,0.264125311788924
1978,"Q001-avg",4.64,4.64,0,4.64,0
1978,"Q001-pp",0.63265306122449,0.5306,0.10205306122449,0.581626530612245,0.175461496085924
1978,"Q003-avg",4.7,4.7,0,4.7,0
1978,"Q003-pp",0.612244897959184,0.4898,0.122444897959184,0.551022448979592,0.222213991800031
1978,"Q007-avg",4.78,4.78,0,4.78,0
1978,"Q007-pp",0.551020408163265,0.449,0.102020408163265,0.500010204081633,0.204036652313218
1978,"Q015-avg",5.055,5.055,0,5.055,0
1978,"Q015-pp",0.612244897959184,0.4898,0.122444897959184,0.551022448979592,0.222213991800031
1978,"Q030-avg",5.235,5.235,0,5.235,0
1978,"Q030-pp",0.551020408163265,0.449,0.102020408163265,0.500010204081633,0.204036652313218
1978,"Q060-avg",5.925,5.925,0,5.925,0
1978,"Q060-pp",0.795918367346939,0.6735,0.122418367346939,0.734709183673469,0.166621528718152
1978,"Q090-avg",6.699,6.885,-0.186,6.792,0.0273851590106007
1978,"Q090-pp",0.714285714285714,0.6531,0.061185714285714,0.683692857142857,0.089492984527304
1979,"Q001-avg",3.84,3.84,0,3.84,0
1979,"Q001-pp",0.26530612244898,0.2449,0.02040612244898,0.25510306122449,0.0799916800332815
1979,"Q003-avg",3.92,3.92,0,3.92,0
1979,"Q003-pp",0.244897959183673,0.2245,0.020397959183673,0.234698979591836,0.0869111541053436
1979,"Q007-avg",3.941,3.941,0,3.941,0
1979,"Q007-pp",0.183673469387755,0.1429,0.040773469387755,0.163286734693877,0.249704726254679
1979,"Q015-avg",3.985,3.985,0,3.985,0
1979,"Q015-pp",0.142857142857143,0.1224,0.020457142857143,0.132628571428571,0.154243860404999
1979,"Q030-avg",4.255,4.255,0,4.255,0
1979,"Q030-pp",0.183673469387755,0.1429,0.040773469387755,0.163286734693877,0.249704726254679
1979,"Q060-avg",6.705,4.5,2.205,5.6025,0.393574297188755
1979,"Q060-pp",0.897959183673469,0.1429,0.755059183673469,0.520429591836735,1.45083829881515
1979,"Q090-avg",12.369,4.94,7.429,8.6545,0.858397365532382
1979,"Q090-pp",0.979591836734694,0.1224,0.857191836734694,0.550995918367347,1.55571358727055
1980,"Q001-avg",4.42,4.42,0,4.42,0
1980,"Q001-pp",0.551020408163265,0.449,0.102020408163265,0.500010204081633,0.204036652313218
1980,"Q003-avg",4.43,4.43,0,4.43,0
1980,"Q003-pp",0.428571428571429,0.3878,0.040771428571429,0.408185714285714,0.0998845063521515
1980,"Q007-avg",4.897,4.897,0,4.897,0
1980,"Q007-pp",0.591836734693878,0.4898,0.102036734693878,0.540818367346939,0.188670986147223
1980,"Q015-avg",5.015,5.015,0,5.015,0
1980,"Q015-pp",0.551020408163265,0.449,0.102020408163265,0.500010204081633,0.204036652313218
1980,"Q030-avg",5.298,5.298,0,5.298,0
1980,"Q030-pp",0.612244897959184,0.5102,0.102044897959184,0.561222448979592,0.181826115731331
1980,"Q060-avg",7.029,6.987,0.0419999999999998,7.008,0.00599315068493148
1980,"Q060-pp",0.918367346938776,0.7551,0.163267346938776,0.836733673469388,0.195124628200766
1980,"Q090-avg",7.704,7.704,0,7.704,0
1980,"Q090-pp",0.836734693877551,0.7551,0.0816346938775508,0.795917346938775,0.102566798162562
1981,"Q001-avg",4.66,4.66,0,4.66,0
1981,"Q001-pp",0.653061224489796,0.551,0.102061224489796,0.602030612244898,0.169528297089781
1981,"Q003-avg",4.833,4.833,0,4.833,0
1981,"Q003-pp",0.673469387755102,0.551,0.122469387755102,0.612234693877551,0.200036667277788
1981,"Q007-avg",4.931,4.931,0,4.931,0
1981,"Q007-pp",0.63265306122449,0.5102,0.12245306122449,0.571426530612245,0.214293622477224
1981,"Q015-avg",5.071,5.071,0,5.071,0
1981,"Q015-pp",0.63265306122449,0.5102,0.12245306122449,0.571426530612245,0.214293622477224
1981,"Q030-avg",5.529,5.529,0,5.529,0
1981,"Q030-pp",0.795918367346939,0.6735,0.122418367346939,0.734709183673469,0.166621528718152
1981,"Q060-avg",6.588,6.589,-0.00100000000000033,6.5885,0.000151779615997622
1981,"Q060-pp",0.877551020408163,0.7143,0.163251020408163,0.795925510204082,0.205108415693705
1981,"Q090-avg",8.163,9.173,-1.01,8.668,0.116520535302261
1981,"Q090-pp",0.918367346938776,0.8163,0.102067346938776,0.867333673469388,0.117679446862129
1982,"Q001-avg",5.32,5.32,0,5.32,0
1982,"Q001-pp",0.877551020408163,0.7755,0.102051020408163,0.826525510204081,0.123469897962333
1982,"Q003-avg",5.36,5.36,0,5.36,0
1982,"Q003-pp",0.877551020408163,0.7755,0.102051020408163,0.826525510204081,0.123469897962333
1982,"Q007-avg",5.381,5.381,0,5.381,0
1982,"Q007-pp",0.816326530612245,0.7143,0.102026530612245,0.765313265306123,0.133313422408058
1982,"Q015-avg",5.459,5.459,0,5.459,0
1982,"Q015-pp",0.816326530612245,0.6939,0.122426530612245,0.755113265306123,0.162130022391559
1982,"Q030-avg",5.519,5.519,0,5.519,0
1982,"Q030-pp",0.755102040816326,0.6327,0.122402040816326,0.693901020408163,0.176396974808204
1982,"Q060-avg",5.771,5.771,0,5.771,0
1982,"Q060-pp",0.653061224489796,0.5714,0.081661224489796,0.612230612244898,0.13338311227262
1982,"Q090-avg",7.208,6.614,0.594,6.911,0.085949934886413
1982,"Q090-pp",0.816326530612245,0.5918,0.224526530612245,0.704063265306123,0.318901072781609
1983,"Q001-avg",5.71,5.71,0,5.71,0
1983,"Q001-pp",0.938775510204082,0.8571,0.081675510204082,0.897937755102041,0.0909589887940512
1983,"Q003-avg",5.747,5.747,0,5.747,0
1983,"Q003-pp",0.938775510204082,0.8367,0.102075510204082,0.887737755102041,0.114983856006382
1983,"Q007-avg",5.857,5.857,0,5.857,0
1983,"Q007-pp",0.938775510204082,0.8367,0.102075510204082,0.887737755102041,0.114983856006382
1983,"Q015-avg",5.894,5.894,0,5.894,0
1983,"Q015-pp",0.918367346938776,0.8163,0.102067346938776,0.867333673469388,0.117679446862129
1983,"Q030-avg",6.159,6.393,-0.234,6.276,0.0372848948374761
1983,"Q030-pp",0.918367346938776,0.8367,0.081667346938776,0.877533673469388,0.0930646303473446
1983,"Q060-avg",5.883,8.949,-3.066,7.416,0.413430420711974
1983,"Q060-pp",0.775510204081633,0.8776,-0.102089795918367,0.826555102040817,0.123512389756353
1983,"Q090-avg",6.614,9.356,-2.742,7.985,0.343393863494051
1983,"Q090-pp",0.693877551020408,0.8367,-0.142822448979592,0.765288775510204,0.186625563512773
1984,"Q001-avg",4.12,4.12,0,4.12,0
1984,"Q001-pp",0.387755102040816,0.3265,0.061255102040816,0.357127551020408,0.171521636641569
1984,"Q003-avg",4.42,4.42,0,4.42,0
1984,"Q003-pp",0.408163265306122,0.3673,0.0408632653061221,0.387731632653061,0.105390589430412
1984,"Q007-avg",5.021,5.021,0,5.021,0
1984,"Q007-pp",0.693877551020408,0.551,0.142877551020408,0.622438775510204,0.22954474663519
1984,"Q015-avg",5.107,5.107,0,5.107,0
1984,"Q015-pp",0.673469387755102,0.551,0.122469387755102,0.612234693877551,0.200036667277788
1984,"Q030-avg",5.262,5.262,0,5.262,0
1984,"Q030-pp",0.571428571428571,0.4694,0.102028571428571,0.520414285714285,0.19605259545966
1984,"Q060-avg",5.556,5.556,0,5.556,0
1984,"Q060-pp",0.591836734693878,0.5102,0.081636734693878,0.551018367346939,0.148156104281868
1984,"Q090-avg",7.716,7.716,0,7.716,0
1984,"Q090-pp",0.857142857142857,0.7755,0.081642857142857,0.816321428571428,0.100013125082032
1985,"Q001-avg",3.36,3.36,0,3.36,0
1985,"Q001-pp",0.142857142857143,0.1224,0.020457142857143,0.132628571428571,0.154243860404999
1985,"Q003-avg",3.617,3.617,0,3.617,0
1985,"Q003-pp",0.142857142857143,0.1429,-4.28571428570113e-05,0.142878571428571,0.000299955006748066
1985,"Q007-avg",3.717,3.717,0,3.717,0
1985,"Q007-pp",0.142857142857143,0.1224,0.020457142857143,0.132628571428571,0.154243860404999
1985,"Q015-avg",3.745,3.745,0,3.745,0
1985,"Q015-pp",0.102040816326531,0.0816,0.020440816326531,0.0918204081632655,0.222617354196305
1985,"Q030-avg",3.881,3.881,0,3.881,0
1985,"Q030-pp",0.102040816326531,0.0816,0.020440816326531,0.0918204081632655,0.222617354196305
1985,"Q060-avg",4.19,4.19,0,4.19,0
1985,"Q060-pp",0.102040816326531,0.0816,0.020440816326531,0.0918204081632655,0.222617354196305
1985,"Q090-avg",5.033,5.033,0,5.033,0
1985,"Q090-pp",0.183673469387755,0.1429,0.040773469387755,0.163286734693877,0.249704726254679
1986,"Q001-avg",3.66,3.45,0.21,3.555,0.0590717299578059
1986,"Q001-pp",0.204081632653061,0.1429,0.061181632653061,0.173490816326531,0.352650554931449
1986,"Q003-avg",3.78,3.49,0.29,3.635,0.0797799174690508
1986,"Q003-pp",0.183673469387755,0.102,0.081673469387755,0.142836734693878,0.571795970852979
1986,"Q007-avg",3.874,3.68,0.194,3.777,0.0513635160180037
1986,"Q007-pp",0.163265306122449,0.0816,0.081665306122449,0.122432653061225,0.667022269635951
1986,"Q015-avg",3.97,3.97,0,3.97,0
1986,"Q015-pp",0.122448979591837,0.102,0.020448979591837,0.112224489795918,0.182214948172397
1986,"Q030-avg",4.174,4.174,0,4.174,0
1986,"Q030-pp",0.163265306122449,0.1224,0.040865306122449,0.142832653061225,0.286106189632508
1986,"Q060-avg",4.975,5.292,-0.317,5.1335,0.0617512418427974
1986,"Q060-pp",0.224489795918367,0.3469,-0.122410204081633,0.285694897959184,0.42846478868209
1986,"Q090-avg",5.054,5.35,-0.295999999999999,5.202,0.0569011918492886
1986,"Q090-pp",0.204081632653061,0.2449,-0.040818367346939,0.224490816326531,0.181826446243427
1987,"Q001-avg",3.45,3.6,-0.15,3.525,0.0425531914893617
1987,"Q001-pp",0.163265306122449,0.2041,-0.040834693877551,0.183682653061224,0.222311106666889
1987,"Q003-avg",3.49,3.733,-0.243,3.6115,0.0672850616087498
1987,"Q003-pp",0.122448979591837,0.1633,-0.040851020408163,0.142874489795918,0.285922423705691
1987,"Q007-avg",3.68,3.969,-0.289,3.8245,0.0755654333899855
1987,"Q007-pp",0.102040816326531,0.1633,-0.061259183673469,0.132670408163265,0.461739618665248
1987,"Q015-avg",4.103,4.223,-0.12,4.163,0.0288253663223637
1987,"Q015-pp",0.183673469387755,0.1633,0.020373469387755,0.173486734693877,0.117435315292
1987,"Q030-avg",4.816,4.336,0.48,4.576,0.104895104895105
1987,"Q030-pp",0.326530612244898,0.1837,0.142830612244898,0.255115306122449,0.55986688692188
1987,"Q060-avg",4.865,4.42,0.445,4.6425,0.0958535271943996
1987,"Q060-pp",0.204081632653061,0.1224,0.081681632653061,0.163240816326531,0.500375056258438
1987,"Q090-avg",5.35,4.652,0.698,5.001,0.139572085582883
1987,"Q090-pp",0.306122448979592,0.102,0.204122448979592,0.204061224489796,1.000300030003
1988,"Q001-avg",3.8,4.14,-0.34,3.97,0.0856423173803526
1988,"Q001-pp",0.244897959183673,0.3469,-0.102002040816327,0.295898979591836,0.344719136771032
1988,"Q003-avg",3.883,4.417,-0.534,4.15,0.128674698795181
1988,"Q003-pp",0.224489795918367,0.3469,-0.122410204081633,0.285694897959184,0.42846478868209
1988,"Q007-avg",3.969,4.53,-0.561,4.2495,0.132015531238969
1988,"Q007-pp",0.204081632653061,0.3265,-0.122418367346939,0.265290816326531,0.461449699021098
1988,"Q015-avg",4.223,4.671,-0.448,4.447,0.100742073307848
1988,"Q015-pp",0.224489795918367,0.3265,-0.102010204081633,0.275494897959184,0.370279830360947
1988,"Q030-avg",4.336,4.765,-0.428999999999999,4.5505,0.094275354356664
1988,"Q030-pp",0.224489795918367,0.2653,-0.040810204081633,0.244894897959184,0.16664374971354
1988,"Q060-avg",4.42,5.053,-0.633,4.7365,0.133642985326718
1988,"Q060-pp",0.163265306122449,0.2245,-0.061234693877551,0.193882653061224,0.31583379384753
1988,"Q090-avg",4.652,5.284,-0.632,4.968,0.127214170692431
1988,"Q090-pp",0.122448979591837,0.2041,-0.081651020408163,0.163274489795918,0.500084370254171
1989,"Q001-avg",4.97,4.08,0.89,4.525,0.196685082872928
1989,"Q001-pp",0.775510204081633,0.2857,0.489810204081633,0.530605102040816,0.923116272719056
1989,"Q003-avg",5.1,4.12,0.98,4.61,0.212581344902386
1989,"Q003-pp",0.816326530612245,0.2857,0.530626530612245,0.551013265306122,0.963001372240011
1989,"Q007-avg",5.237,4.369,0.868,4.803,0.1807203830939
1989,"Q007-pp",0.795918367346939,0.3061,0.489818367346939,0.55100918367347,0.888947737824289
1989,"Q015-avg",5.323,5.048,0.275,5.1855,0.0530324944556938
1989,"Q015-pp",0.775510204081633,0.4694,0.306110204081633,0.622455102040816,0.491778769389154
1989,"Q030-avg",5.472,5.354,0.118,5.413,0.0217993718825051
1989,"Q030-pp",0.714285714285714,0.551,0.163285714285714,0.632642857142857,0.258100937111888
1989,"Q060-avg",5.6,5.581,0.0189999999999992,5.5905,0.00339862266344678
1989,"Q060-pp",0.63265306122449,0.5306,0.10205306122449,0.581626530612245,0.175461496085924
1989,"Q090-avg",5.705,5.592,0.113,5.6485,0.0200053111445517
1989,"Q090-pp",0.489795918367347,0.3673,0.122495918367347,0.428547959183673,0.28583946263724
1990,"Q001-avg",4.08,4.89,-0.81,4.485,0.180602006688963
1990,"Q001-pp",0.306122448979592,0.6122,-0.306077551020408,0.459161224489796,0.666601478294494
1990,"Q003-avg",4.12,4.967,-0.847,4.5435,0.186420160669088
1990,"Q003-pp",0.326530612244898,0.5918,-0.265269387755102,0.459165306122449,0.577720886613242
1990,"Q007-avg",4.369,5.246,-0.877000000000001,4.8075,0.182423296931877
1990,"Q007-pp",0.36734693877551,0.6531,-0.28575306122449,0.510223469387755,0.56005471792072
1990,"Q015-avg",5.048,5.265,-0.217,5.1565,0.0420828081062736
1990,"Q015-pp",0.591836734693878,0.6531,-0.061263265306122,0.622468367346939,0.098419885282261
1990,"Q030-avg",5.354,5.36,-0.00600000000000023,5.357,0.00112002986746317
1990,"Q030-pp",0.653061224489796,0.5918,0.061261224489796,0.622430612244898,0.098422576403894
1990,"Q060-avg",5.532,5.532,0,5.532,0
1990,"Q060-pp",0.551020408163265,0.4694,0.081620408163265,0.510210204081633,0.159974080311036
1990,"Q090-avg",5.592,6.213,-0.621,5.9025,0.105209656925032
1990,"Q090-pp",0.469387755102041,0.5102,-0.040812244897959,0.48979387755102,0.0833253471889462
1991,"Q001-avg",4.61,4.61,0,4.61,0
1991,"Q001-pp",0.571428571428571,0.4694,0.102028571428571,0.520414285714285,0.19605259545966
1991,"Q003-avg",4.707,4.707,0,4.707,0
1991,"Q003-pp",0.63265306122449,0.5102,0.12245306122449,0.571426530612245,0.214293622477224
1991,"Q007-avg",4.766,4.766,0,4.766,0
1991,"Q007-pp",0.530612244897959,0.4286,0.102012244897959,0.479606122448979,0.212700047232635
1991,"Q015-avg",4.893,4.893,0,4.893,0
1991,"Q015-pp",0.489795918367347,0.4082,0.081595918367347,0.448997959183673,0.181728929271075
1991,"Q030-avg",4.999,4.999,0,4.999,0
1991,"Q030-pp",0.428571428571429,0.3469,0.081671428571429,0.387735714285715,0.210636847631856
1991,"Q060-avg",5.223,5.223,0,5.223,0
1991,"Q060-pp",0.428571428571429,0.3061,0.122471428571429,0.367335714285714,0.333404631808195
1991,"Q090-avg",5.921,5.921,0,5.921,0
1991,"Q090-pp",0.551020408163265,0.4082,0.142820408163265,0.479610204081633,0.297784340174206
1992,"Q001-avg",3.74,3.74,0,3.74,0
1992,"Q001-pp",0.224489795918367,0.2245,-1.02040816329918e-05,0.224494897959184,4.54535124216812e-05
1992,"Q003-avg",3.79,3.79,0,3.79,0
1992,"Q003-pp",0.204081632653061,0.2041,-1.83673469389967e-05,0.204090816326531,8.99959501833254e-05
1992,"Q007-avg",4.003,4.003,0,4.003,0
1992,"Q007-pp",0.224489795918367,0.1837,0.040789795918367,0.204094897959184,0.199857009294394
1992,"Q015-avg",4.232,4.232,0,4.232,0
1992,"Q015-pp",0.26530612244898,0.2041,0.06120612244898,0.23470306122449,0.260781099870007
1992,"Q030-avg",4.304,4.304,0,4.304,0
1992,"Q030-pp",0.204081632653061,0.1633,0.040781632653061,0.183690816326531,0.222012365498813
1992,"Q060-avg",4.54,4.54,0,4.54,0
1992,"Q060-pp",0.183673469387755,0.1633,0.020373469387755,0.173486734693877,0.117435315292
1992,"Q090-avg",5.453,5.453,0,5.453,0
1992,"Q090-pp",0.36734693877551,0.2857,0.08164693877551,0.326523469387755,0.250049219826683
1993,"Q001-avg",5.03,4.89,0.140000000000001,4.96,0.028225806451613
1993,"Q001-pp",0.816326530612245,0.6327,0.183626530612245,0.724513265306123,0.253448127736707
1993,"Q003-avg",5.06,5.06,0,5.06,0
1993,"Q003-pp",0.795918367346939,0.6735,0.122418367346939,0.734709183673469,0.166621528718152
1993,"Q007-avg",5.09,5.09,0,5.09,0
1993,"Q007-pp",0.755102040816326,0.6122,0.142902040816326,0.683651020408163,0.209027759120448
1993,"Q015-avg",5.122,5.122,0,5.122,0
1993,"Q015-pp",0.693877551020408,0.5714,0.122477551020408,0.632638775510204,0.193597919953031
1993,"Q030-avg",5.202,5.202,0,5.202,0
1993,"Q030-pp",0.530612244897959,0.4286,0.102012244897959,0.479606122448979,0.212700047232635
1993,"Q060-avg",5.048,5.413,-0.365,5.2305,0.0697830035369468
1993,"Q060-pp",0.306122448979592,0.449,-0.142877551020408,0.377561224489796,0.378422204805275
1993,"Q090-avg",5.469,5.905,-0.436,5.687,0.0766660805345525
1993,"Q090-pp",0.387755102040816,0.3878,-4.48979591840537e-05,0.387777551020408,0.000115782770472164
1994,"Q001-avg",4.8,4.8,0,4.8,0
1994,"Q001-pp",0.714285714285714,0.5918,0.122485714285714,0.653042857142857,0.187561525167895
1994,"Q003-avg",4.88,4.88,0,4.88,0
1994,"Q003-pp",0.693877551020408,0.5714,0.122477551020408,0.632638775510204,0.193597919953031
1994,"Q007-avg",5.037,5.037,0,5.037,0
1994,"Q007-pp",0.714285714285714,0.5714,0.142885714285714,0.642842857142857,0.222271606035689
1994,"Q015-avg",5.093,5.093,0,5.093,0
1994,"Q015-pp",0.653061224489796,0.5306,0.122461224489796,0.591830612244898,0.206919381924641
1994,"Q030-avg",5.298,5.298,0,5.298,0
1994,"Q030-pp",0.63265306122449,0.5306,0.10205306122449,0.581626530612245,0.175461496085924
1994,"Q060-avg",5.362,5.346,0.016,5.354,0.00298841987299216
1994,"Q060-pp",0.489795918367347,0.4082,0.081595918367347,0.448997959183673,0.181728929271075
1994,"Q090-avg",5.746,5.546,0.2,5.646,0.0354233085370174
1994,"Q090-pp",0.510204081632653,0.3265,0.183704081632653,0.418352040816326,0.439113626108272
1995,"Q001-avg",4.67,4.67,0,4.67,0
1995,"Q001-pp",0.673469387755102,0.5714,0.102069387755102,0.622434693877551,0.163984091438164
1995,"Q003-avg",4.8,4.8,0,4.8,0
1995,"Q003-pp",0.653061224489796,0.5306,0.122461224489796,0.591830612244898,0.206919381924641
1995,"Q007-avg",4.873,4.873,0,4.873,0
1995,"Q007-pp",0.571428571428571,0.4694,0.102028571428571,0.520414285714285,0.19605259545966
1995,"Q015-avg",4.929,4.929,0,4.929,0
1995,"Q015-pp",0.510204081632653,0.4286,0.081604081632653,0.469402040816326,0.173846882920954
1995,"Q030-avg",5.104,5.104,0,5.104,0
1995,"Q030-pp",0.510204081632653,0.4082,0.102004081632653,0.459202040816326,0.222133336888746
1995,"Q060-avg",5.299,5.299,0,5.299,0
1995,"Q060-pp",0.448979591836735,0.3673,0.0816795918367351,0.408139795918367,0.200126507274169
1995,"Q090-avg",5.424,5.424,0,5.424,0
1995,"Q090-pp",0.346938775510204,0.2653,0.081638775510204,0.306119387755102,0.266689333560002
1996,"Q001-avg",4.63,4.63,0,4.63,0
1996,"Q001-pp",0.612244897959184,0.5102,0.102044897959184,0.561222448979592,0.181826115731331
1996,"Q003-avg",4.65,4.65,0,4.65,0
1996,"Q003-pp",0.591836734693878,0.4694,0.122436734693878,0.530618367346939,0.230743491421254
1996,"Q007-avg",4.72,4.72,0,4.72,0
1996,"Q007-pp",0.510204081632653,0.4082,0.102004081632653,0.459202040816326,0.222133336888746
1996,"Q015-avg",4.867,4.867,0,4.867,0
1996,"Q015-pp",0.469387755102041,0.3878,0.081587755102041,0.428593877551021,0.190361457257001
1996,"Q030-avg",4.886,4.886,0,4.886,0
1996,"Q030-pp",0.36734693877551,0.3265,0.04084693877551,0.346923469387755,0.117740488550965
1996,"Q060-avg",5.001,4.99,0.0110000000000001,4.9955,0.00220198178360527
1996,"Q060-pp",0.26530612244898,0.1837,0.08160612244898,0.22450306122449,0.363496702467583
1996,"Q090-avg",5.089,5.067,0.0220000000000002,5.078,0.00433241433635294
1996,"Q090-pp",0.244897959183673,0.1633,0.081597959183673,0.204098979591836,0.399796017338524
1997,"Q001-avg",4.88,7.45,-2.57,6.165,0.416869424168694
1997,"Q001-pp",0.73469387755102,0.9796,-0.24490612244898,0.85714693877551,0.28572244894072
1997,"Q003-avg",4.91,7.52,-2.61,6.215,0.419951729686243
1997,"Q003-pp",0.714285714285714,0.9796,-0.265314285714286,0.846942857142857,0.313261140910165
1997,"Q007-avg",4.979,7.59,-2.611,6.2845,0.415466624234227
1997,"Q007-pp",0.673469387755102,0.9796,-0.306130612244898,0.826534693877551,0.370378417884356
1997,"Q015-avg",4.966,7.877,-2.911,6.4215,0.453320875184926
1997,"Q015-pp",0.530612244897959,0.9796,-0.448987755102041,0.755106122448979,0.594602191339507
1997,"Q030-avg",4.938,8.387,-3.449,6.6625,0.517673545966229
1997,"Q030-pp",0.408163265306122,0.9592,-0.551036734693878,0.683681632653061,0.805984406156345
1997,"Q060-avg",4.99,11.597,-6.607,8.2935,0.796647977331645
1997,"Q060-pp",0.244897959183673,0.9796,-0.734702040816327,0.612248979591836,1.20000533329778
1997,"Q090-avg",5.067,20.474,-15.407,12.7705,1.20645237069809
1997,"Q090-pp",0.224489795918367,0.9796,-0.755110204081633,0.602044897959183,1.2542423441197
1998,"Q001-avg",3.96,3.96,0,3.96,0
1998,"Q001-pp",0.285714285714286,0.2653,0.0204142857142859,0.275507142857143,0.0740971195976259
1998,"Q003-avg",3.997,3.997,0,3.997,0
1998,"Q003-pp",0.26530612244898,0.2449,0.02040612244898,0.25510306122449,0.0799916800332815
1998,"Q007-avg",4.019,4.019,0,4.019,0
1998,"Q007-pp",0.244897959183673,0.2041,0.040797959183673,0.224498979591837,0.181728929271073
1998,"Q015-avg",4.095,4.095,0,4.095,0
1998,"Q015-pp",0.163265306122449,0.1429,0.020365306122449,0.153082653061224,0.133034708474147
1998,"Q030-avg",4.137,4.137,0,4.137,0
1998,"Q030-pp",0.122448979591837,0.102,0.020448979591837,0.112224489795918,0.182214948172397
1998,"Q060-avg",4.261,4.261,0,4.261,0
1998,"Q060-pp",0.122448979591837,0.102,0.020448979591837,0.112224489795918,0.182214948172397
1998,"Q090-avg",4.419,4.393,0.0259999999999998,4.406,0.00590104403086696
1998,"Q090-pp",0.102040816326531,0.0612,0.040840816326531,0.0816204081632655,0.500375056258442
1999,"Q001-avg",4.37,6.01,-1.64,5.19,0.315992292870906
1999,"Q001-pp",0.489795918367347,0.9388,-0.449004081632653,0.714297959183673,0.628594938372485
1999,"Q003-avg",4.293,6.12,-1.827,5.2065,0.350907519446845
1999,"Q003-pp",0.36734693877551,0.9184,-0.55105306122449,0.642873469387755,0.857171881349045
1999,"Q007-avg",4.274,6.236,-1.962,5.255,0.373358705994291
1999,"Q007-pp",0.306122448979592,0.898,-0.591877551020408,0.602061224489796,0.983085319141723
1999,"Q015-avg",4.195,6.327,-2.132,5.261,0.405246150921878
1999,"Q015-pp",0.204081632653061,0.898,-0.693918367346939,0.551040816326531,1.25928669308544
1999,"Q030-avg",4.158,6.412,-2.254,5.285,0.426490066225165
1999,"Q030-pp",0.142857142857143,0.8571,-0.714242857142857,0.499978571428571,1.4285469377259
1999,"Q060-avg",4.264,7.151,-2.887,5.7075,0.505825667980727
1999,"Q060-pp",0.142857142857143,0.8571,-0.714242857142857,0.499978571428571,1.4285469377259
1999,"Q090-avg",4.393,9.398,-5.005,6.8955,0.725835689942716
1999,"Q090-pp",0.0816326530612245,0.8571,-0.775467346938776,0.469366326530612,1.65215803330152
2000,"Q001-avg",5.23,5.23,0,5.23,0
2000,"Q001-pp",0.836734693877551,0.7347,0.102034693877551,0.785717346938775,0.129861831707149
2000,"Q003-avg",5.3,5.3,0,5.3,0
2000,"Q003-pp",0.836734693877551,0.7347,0.102034693877551,0.785717346938775,0.129861831707149
2000,"Q007-avg",5.391,5.391,0,5.391,0
2000,"Q007-pp",0.836734693877551,0.7347,0.102034693877551,0.785717346938775,0.129861831707149
2000,"Q015-avg",5.448,5.448,0,5.448,0
2000,"Q015-pp",0.795918367346939,0.6735,0.122418367346939,0.734709183673469,0.166621528718152
2000,"Q030-avg",5.525,5.525,0,5.525,0
2000,"Q030-pp",0.775510204081633,0.6531,0.122410204081633,0.714305102040816,0.171369634252785
2000,"Q060-avg",5.816,5.816,0,5.816,0
2000,"Q060-pp",0.693877551020408,0.5918,0.102077551020408,0.642838775510204,0.158791838496973
2000,"Q090-avg",6.887,6.887,0,6.887,0
2000,"Q090-pp",0.795918367346939,0.6735,0.122418367346939,0.734709183673469,0.166621528718152
2001,"Q001-avg",4.21,4.21,0,4.21,0
2001,"Q001-pp",0.448979591836735,0.3878,0.061179591836735,0.418389795918368,0.146226300052193
2001,"Q003-avg",4.227,4.227,0,4.227,0
2001,"Q003-pp",0.346938775510204,0.3061,0.040838775510204,0.326519387755102,0.125073049386073
2001,"Q007-avg",4.264,4.264,0,4.264,0
2001,"Q007-pp",0.285714285714286,0.2653,0.0204142857142859,0.275507142857143,0.0740971195976259
2001,"Q015-avg",4.413,4.413,0,4.413,0
2001,"Q015-pp",0.285714285714286,0.2449,0.040814285714286,0.265307142857143,0.153837869854348
2001,"Q030-avg",4.705,4.705,0,4.705,0
2001,"Q030-pp",0.285714285714286,0.2449,0.040814285714286,0.265307142857143,0.153837869854348
2001,"Q060-avg",5.321,5.321,0,5.321,0
2001,"Q060-pp",0.469387755102041,0.3878,0.081587755102041,0.428593877551021,0.190361457257001
2001,"Q090-avg",6.749,6.595,0.154,6.672,0.0230815347721822
2001,"Q090-pp",0.755102040816326,0.5714,0.183702040816326,0.663251020408163,0.276972119399494
2002,"Q001-avg",5.44,4.98,0.46,5.21,0.0882917466410748
2002,"Q001-pp",0.897959183673469,0.6939,0.204059183673469,0.795929591836735,0.256378435688727
2002,"Q003-avg",5.523,5.107,0.415999999999999,5.315,0.0782690498588898
2002,"Q003-pp",0.897959183673469,0.6939,0.204059183673469,0.795929591836735,0.256378435688727
2002,"Q007-avg",5.559,5.317,0.242,5.438,0.044501655020228
2002,"Q007-pp",0.897959183673469,0.6939,0.204059183673469,0.795929591836735,0.256378435688727
2002,"Q015-avg",5.687,5.591,0.0960000000000001,5.639,0.0170242950877815
2002,"Q015-pp",0.877551020408163,0.7551,0.122451020408163,0.816325510204082,0.150002687503359
2002,"Q030-avg",5.788,5.758,0.0300000000000002,5.773,0.00519660488480863
2002,"Q030-pp",0.897959183673469,0.7551,0.142859183673469,0.826529591836735,0.17284218869406
2002,"Q060-avg",5.853,5.853,0,5.853,0
2002,"Q060-pp",0.73469387755102,0.6327,0.10199387755102,0.68369693877551,0.149179953523983
2002,"Q090-avg",6.265,6.168,0.0969999999999995,6.2165,0.015603635486206
2002,"Q090-pp",0.673469387755102,0.4898,0.183669387755102,0.581634693877551,0.315781348135621
2003,"Q001-avg",2.68,2.68,0,2.68,0
2003,"Q001-pp",0.0408163265306122,0.0408,1.63265306121971e-05,0.0408081632653061,0.000400080016002029
2003,"Q003-avg",2.757,2.75,0.00700000000000012,2.7535,0.00254221899400767
2003,"Q003-pp",0.0612244897959184,0.0408,0.0204244897959184,0.0510122448979592,0.400384061449832
2003,"Q007-avg",2.894,2.77,0.124,2.832,0.0437853107344633
2003,"Q007-pp",0.0612244897959184,0.0408,0.0204244897959184,0.0510122448979592,0.400384061449832
2003,"Q015-avg",3.013,2.897,0.116,2.955,0.0392554991539763
2003,"Q015-pp",0.0612244897959184,0.0408,0.0204244897959184,0.0510122448979592,0.400384061449832
2003,"Q030-avg",3.104,2.975,0.129,3.0395,0.0424411909853594
2003,"Q030-pp",0.0816326530612245,0.0408,0.0408326530612245,0.0612163265306123,0.667022269635951
2003,"Q060-avg",4.063,3.718,0.345,3.8905,0.088677547873024
2003,"Q060-pp",0.0816326530612245,0.0612,0.0204326530612245,0.0714163265306123,0.286106189632508
2003,"Q090-avg",4.79,4.517,0.273,4.6535,0.0586655205759105
2003,"Q090-pp",0.163265306122449,0.0816,0.081665306122449,0.122432653061225,0.667022269635951
2004,"Q001-avg",2.72,2.77,-0.0499999999999998,2.745,0.0182149362477231
2004,"Q001-pp",0.0612244897959184,0.0612,2.44897959183962e-05,0.0612122448979592,0.000400080016003672
2004,"Q003-avg",2.75,2.823,-0.073,2.7865,0.0261977390992284
2004,"Q003-pp",0.0408163265306122,0.0612,-0.0203836734693878,0.0510081632653061,0.399615907817877
2004,"Q007-avg",2.77,2.889,-0.119,2.8295,0.042056900512458
2004,"Q007-pp",0.0408163265306122,0.0612,-0.0203836734693878,0.0510081632653061,0.399615907817877
2004,"Q015-avg",2.897,2.953,-0.056,2.925,0.0191452991452992
2004,"Q015-pp",0.0408163265306122,0.0612,-0.0203836734693878,0.0510081632653061,0.399615907817877
2004,"Q030-avg",2.975,2.989,-0.0139999999999998,2.982,0.0046948356807511
2004,"Q030-pp",0.0408163265306122,0.0612,-0.0203836734693878,0.0510081632653061,0.399615907817877
2004,"Q060-avg",3.064,3.063,0.00099999999999989,3.0635,0.00032642402480819
2004,"Q060-pp",0.0204081632653061,0.0204,8.16326530609854e-06,0.0204040816326531,0.000400080016002029
2004,"Q090-avg",3.345,3.345,0,3.345,0
2004,"Q090-pp",0.0204081632653061,0.0204,8.16326530609854e-06,0.0204040816326531,0.000400080016002029
2005,"Q001-avg",4.96,4.96,0,4.96,0
2005,"Q001-pp",0.755102040816326,0.6531,0.102002040816326,0.704101020408163,0.144868474636205
2005,"Q003-avg",5.02,5.02,0,5.02,0
2005,"Q003-pp",0.775510204081633,0.6531,0.122410204081633,0.714305102040816,0.171369634252785
2005,"Q007-avg",5.131,5.131,0,5.131,0
2005,"Q007-pp",0.775510204081633,0.6327,0.142810204081633,0.704105102040816,0.202825123220531
2005,"Q015-avg",5.235,5.235,0,5.235,0
2005,"Q015-pp",0.73469387755102,0.6122,0.12249387755102,0.67344693877551,0.181890911515232
2005,"Q030-avg",5.27,5.27,0,5.27,0
2005,"Q030-pp",0.591836734693878,0.4898,0.102036734693878,0.540818367346939,0.188670986147223
2005,"Q060-avg",5.404,5.404,0,5.404,0
2005,"Q060-pp",0.530612244897959,0.4286,0.102012244897959,0.479606122448979,0.212700047232635
2005,"Q090-avg",4.681,6.266,-1.585,5.4735,0.289577053073902
2005,"Q090-pp",0.142857142857143,0.551,-0.408142857142857,0.346928571428572,1.17644636606959
2006,"Q001-avg",2.58,2.58,0,2.58,0
2006,"Q001-pp",0.0204081632653061,0.0204,8.16326530609854e-06,0.0204040816326531,0.000400080016002029
2006,"Q003-avg",2.617,2.617,0,2.617,0
2006,"Q003-pp",0.0204081632653061,0.0204,8.16326530609854e-06,0.0204040816326531,0.000400080016002029
2006,"Q007-avg",2.66,2.66,0,2.66,0
2006,"Q007-pp",0.0204081632653061,0.0204,8.16326530609854e-06,0.0204040816326531,0.000400080016002029
2006,"Q015-avg",2.803,2.803,0,2.803,0
2006,"Q015-pp",0.0204081632653061,0.0204,8.16326530609854e-06,0.0204040816326531,0.000400080016002029
2006,"Q030-avg",2.978,2.96,0.0180000000000002,2.969,0.0060626473560122
2006,"Q030-pp",0.0612244897959184,0.0204,0.0408244897959184,0.0408122448979592,1.000300030003
2006,"Q060-avg",3.6,3.157,0.443,3.3785,0.131123279561936
2006,"Q060-pp",0.0612244897959184,0.0408,0.0204244897959184,0.0510122448979592,0.400384061449832
2006,"Q090-avg",3.865,3.658,0.207,3.7615,0.0550312375382162
2006,"Q090-pp",0.0612244897959184,0.0408,0.0204244897959184,0.0510122448979592,0.400384061449832
2007,"Q001-avg",3.05,5.64,-2.59,4.345,0.596087456846951
2007,"Q001-pp",0.0816326530612245,0.8163,-0.734667346938775,0.448966326530612,1.63635289224454
2007,"Q003-avg",3.063,5.68,-2.617,4.3715,0.598650348850509
2007,"Q003-pp",0.0816326530612245,0.8163,-0.734667346938775,0.448966326530612,1.63635289224454
2007,"Q007-avg",3.089,5.81,-2.721,4.4495,0.611529385324194
2007,"Q007-pp",0.0816326530612245,0.8163,-0.734667346938775,0.448966326530612,1.63635289224454
2007,"Q015-avg",3.059,5.84,-2.781,4.4495,0.625014046522081
2007,"Q015-pp",0.0816326530612245,0.7959,-0.714267346938776,0.438766326530612,1.62789918858767
2007,"Q030-avg",2.96,5.953,-2.993,4.4565,0.671603276113542
2007,"Q030-pp",0.0204081632653061,0.7755,-0.755091836734694,0.397954081632653,1.89743458249465
2007,"Q060-avg",3.157,7.105,-3.948,5.131,0.769440654843111
2007,"Q060-pp",0.0408163265306122,0.7959,-0.755083673469388,0.418358163265306,1.80487376552168
2007,"Q090-avg",3.658,7.008,-3.35,5.333,0.628164260266267
2007,"Q090-pp",0.0408163265306122,0.6939,-0.653083673469388,0.367358163265306,1.77778456769377
2008,"Q001-avg",5.3,5.3,0,5.3,0
2008,"Q001-pp",0.857142857142857,0.7551,0.102042857142857,0.806121428571429,0.126584970360722
2008,"Q003-avg",5.33,5.33,0,5.33,0
2008,"Q003-pp",0.857142857142857,0.7551,0.102042857142857,0.806121428571429,0.126584970360722
2008,"Q007-avg",5.449,5.449,0,5.449,0
2008,"Q007-pp",0.877551020408163,0.7755,0.102051020408163,0.826525510204081,0.123469897962333
2008,"Q015-avg",5.57,5.57,0,5.57,0
2008,"Q015-pp",0.836734693877551,0.7347,0.102034693877551,0.785717346938775,0.129861831707149
2008,"Q030-avg",5.669,5.669,0,5.669,0
2008,"Q030-pp",0.857142857142857,0.7347,0.122442857142857,0.795921428571428,0.153837869854347
2008,"Q060-avg",7.133,7.133,0,7.133,0
2008,"Q060-pp",0.959183673469388,0.8163,0.142883673469388,0.887741836734694,0.160951830314706
2008,"Q090-avg",7.933,9.533,-1.6,8.733,0.183213099736631
2008,"Q090-pp",0.897959183673469,0.8776,0.020359183673469,0.887779591836735,0.0229327007071065
2009,"Q001-avg",5.48,5.48,0,5.48,0
2009,"Q001-pp",0.918367346938776,0.7959,0.122467346938776,0.857133673469388,0.142880102286811
2009,"Q003-avg",5.533,5.533,0,5.533,0
2009,"Q003-pp",0.918367346938776,0.7959,0.122467346938776,0.857133673469388,0.142880102286811
2009,"Q007-avg",5.579,5.579,0,5.579,0
2009,"Q007-pp",0.918367346938776,0.7959,0.122467346938776,0.857133673469388,0.142880102286811
2009,"Q015-avg",5.611,5.593,0.0179999999999998,5.602,0.00321313816494106
2009,"Q015-pp",0.857142857142857,0.7755,0.081642857142857,0.816321428571428,0.100013125082032
2009,"Q030-avg",5.625,5.625,0,5.625,0
2009,"Q030-pp",0.816326530612245,0.6939,0.122426530612245,0.755113265306123,0.162130022391559
2009,"Q060-avg",5.798,5.769,0.0289999999999999,5.7835,0.00501426471859599
2009,"Q060-pp",0.673469387755102,0.551,0.122469387755102,0.612234693877551,0.200036667277788
2009,"Q090-avg",6.004,5.973,0.0309999999999997,5.9885,0.00517658846121728
2009,"Q090-pp",0.591836734693878,0.4286,0.163236734693878,0.510218367346939,0.31993504181883
2010,"Q001-avg",4.39,4.39,0,4.39,0
2010,"Q001-pp",0.510204081632653,0.4286,0.081604081632653,0.469402040816326,0.173846882920954
2010,"Q003-avg",4.46,4.46,0,4.46,0
2010,"Q003-pp",0.448979591836735,0.4082,0.040779591836735,0.428589795918368,0.0951483031679602
2010,"Q007-avg",4.561,4.561,0,4.561,0
2010,"Q007-pp",0.408163265306122,0.3469,0.061263265306122,0.377531632653061,0.16227319781286
2010,"Q015-avg",4.648,4.648,0,4.648,0
2010,"Q015-pp",0.36734693877551,0.3061,0.06124693877551,0.336723469387755,0.181890911515232
2010,"Q030-avg",4.792,4.792,0,4.792,0
2010,"Q030-pp",0.306122448979592,0.2857,0.020422448979592,0.295911224489796,0.0690154589938383
2010,"Q060-avg",5.028,5.028,0,5.028,0
2010,"Q060-pp",0.285714285714286,0.2041,0.081614285714286,0.244907142857143,0.333245836614461
2010,"Q090-avg",5.395,5.265,0.13,5.33,0.024390243902439
2010,"Q090-pp",0.326530612244898,0.1837,0.142830612244898,0.255115306122449,0.55986688692188
2011,"Q001-avg",4.41,5.68,-1.27,5.045,0.251734390485629
2011,"Q001-pp",0.530612244897959,0.8367,-0.306087755102041,0.683656122448979,0.447721807866767
2011,"Q003-avg",4.557,5.84,-1.283,5.1985,0.246801962104453
2011,"Q003-pp",0.510204081632653,0.8571,-0.346895918367347,0.683652040816326,0.507415904080576
2011,"Q007-avg",4.904,5.893,-0.989,5.3985,0.183199036769473
2011,"Q007-pp",0.612244897959184,0.8571,-0.244855102040816,0.734672448979592,0.333284720804356
2011,"Q015-avg",5.723,5.969,-0.246,5.846,0.0420800547382827
2011,"Q015-pp",0.897959183673469,0.8367,0.0612591836734691,0.867329591836735,0.070629647887075
2011,"Q030-avg",5.425,6.21,-0.785,5.8175,0.134937688010314
2011,"Q030-pp",0.693877551020408,0.7959,-0.102022448979592,0.744888775510204,0.136963332424647
2011,"Q060-avg",5.142,7.15,-2.008,6.146,0.326716563618614
2011,"Q060-pp",0.408163265306122,0.8367,-0.428536734693878,0.622431632653061,0.688488039830619
2011,"Q090-avg",5.265,7.552,-2.287,6.4085,0.356869782320356
2011,"Q090-pp",0.26530612244898,0.7347,-0.46939387755102,0.50000306122449,0.938782007457096
2012,"Q001-avg",4.08,3.55,0.53,3.815,0.138925294888598
2012,"Q001-pp",0.326530612244898,0.1837,0.142830612244898,0.255115306122449,0.55986688692188
2012,"Q003-avg",4.12,3.597,0.523,3.8585,0.135544900868213
2012,"Q003-pp",0.306122448979592,0.1224,0.183722448979592,0.214261224489796,0.857469425077152
2012,"Q007-avg",4.361,4.139,0.222,4.25,0.0522352941176469
2012,"Q007-pp",0.346938775510204,0.2245,0.122438775510204,0.285719387755102,0.428528061998893
2012,"Q015-avg",4.678,4.251,0.427,4.4645,0.0956434091163623
2012,"Q015-pp",0.387755102040816,0.2245,0.163255102040816,0.306127551020408,0.533291111814802
2012,"Q030-avg",5.101,4.688,0.413,4.8945,0.0843804270099091
2012,"Q030-pp",0.489795918367347,0.2245,0.265295918367347,0.357147959183673,0.742817959743432
2012,"Q060-avg",5.596,5.236,0.36,5.416,0.0664697193500739
2012,"Q060-pp",0.612244897959184,0.3265,0.285744897959184,0.469372448979592,0.608780721110471
2012,"Q090-avg",7.906,6.233,1.673,7.0695,0.236650399603932
2012,"Q090-pp",0.877551020408163,0.5306,0.346951020408163,0.704075510204082,0.492775299495358
